%YAML:1.0
R: !!opencv-matrix
   rows: 3
   cols: 3
   dt: f
   data: [ 1.000000,0.000000,0.000000,0.000000,1.000000,0.000000,0.000000,0.000000,1.000000 ]
T: !!opencv-matrix
   rows: 3
   cols: 1
   dt: f
   data: [ 0.000000,0.000000,0.000000 ]
