%YAML:1.0
R: !!opencv-matrix
   rows: 3
   cols: 3
   dt: f
   data: [ 0.999885,0.004395,-0.014526,-0.004385,0.999990,0.000714,0.014529,-0.000651,0.999894 ]
T: !!opencv-matrix
   rows: 3
   cols: 1
   dt: f
   data: [ -0.048941,0.003270,-0.004699 ]
