%YAML:1.0
R: !!opencv-matrix
   rows: 3
   cols: 3
   dt: f
   data: [ 0.999702,0.008265,-0.022962,-0.008231,0.999965,0.001586,0.022974,-0.001397,0.999735 ]
T: !!opencv-matrix
   rows: 3
   cols: 1
   dt: f
   data: [ -0.092005,0.005757,-0.008070 ]
