%YAML:1.0
R: !!opencv-matrix
   rows: 3
   cols: 3
   dt: f
   data: [ 0.999741,0.008078,-0.021257,-0.008055,0.999967,0.001188,0.021266,-0.001016,0.999773 ]
T: !!opencv-matrix
   rows: 3
   cols: 1
   dt: f
   data: [ -0.132812,0.009063,-0.013134 ]
