%YAML:1.0
R: !!opencv-matrix
   rows: 3
   cols: 3
   dt: f
   data: [ 0.999903,0.005264,-0.012857,-0.005255,0.999986,0.000712,0.012860,-0.000644,0.999917 ]
T: !!opencv-matrix
   rows: 3
   cols: 1
   dt: f
   data: [ -0.176545,0.011019,-0.014994 ]
