%YAML:1.0
R: !!opencv-matrix
   rows: 3
   cols: 3
   dt: f
   data: [ 0.999993,-0.000250,0.003786,0.000252,1.000000,-0.000693,-0.003786,0.000694,0.999993 ]
T: !!opencv-matrix
   rows: 3
   cols: 1
   dt: f
   data: [ -0.228100,0.014932,-0.017765 ]
