%YAML:1.0
R: !!opencv-matrix
   rows: 3
   cols: 3
   dt: f
   data: [ 0.999797,0.006137,-0.019207,-0.006139,0.999981,-0.000060,0.019206,0.000178,0.999816 ]
T: !!opencv-matrix
   rows: 3
   cols: 1
   dt: f
   data: [ -0.303935,0.019782,-0.026771 ]
