%YAML:1.0
R: !!opencv-matrix
   rows: 3
   cols: 3
   dt: f
   data: [ 0.998991,0.015087,-0.042301,-0.015104,0.999886,-0.000087,0.042295,0.000726,0.999105 ]
T: !!opencv-matrix
   rows: 3
   cols: 1
   dt: f
   data: [ -0.377638,0.027426,-0.039475 ]
