%YAML:1.0
R: !!opencv-matrix
   rows: 3
   cols: 3
   dt: f
   data: [ 0.999698,0.009733,-0.022586,-0.009752,0.999952,-0.000773,0.022578,0.000993,0.999745 ]
T: !!opencv-matrix
   rows: 3
   cols: 1
   dt: f
   data: [ -0.413097,0.027891,-0.035909 ]
