%YAML:1.0
R: !!opencv-matrix
   rows: 3
   cols: 3
   dt: f
   data: [ 0.999778,0.010806,-0.018105,-0.010808,0.999942,-0.000026,0.018104,0.000221,0.999836 ]
T: !!opencv-matrix
   rows: 3
   cols: 1
   dt: f
   data: [ -0.465116,0.030042,-0.035533 ]
