%YAML:1.0
R: !!opencv-matrix
   rows: 3
   cols: 3
   dt: f
   data: [ 0.999697,0.011342,-0.021848,-0.011338,0.999936,0.000326,0.021850,-0.000078,0.999761 ]
T: !!opencv-matrix
   rows: 3
   cols: 1
   dt: f
   data: [ -0.519851,0.033890,-0.043729 ]
