%YAML:1.0
R: !!opencv-matrix
   rows: 3
   cols: 3
   dt: f
   data: [ 0.999864,0.008565,-0.014075,-0.008566,0.999963,0.000021,0.014074,0.000100,0.999901 ]
T: !!opencv-matrix
   rows: 3
   cols: 1
   dt: f
   data: [ -0.589282,0.038340,-0.048000 ]
