%YAML:1.0
R: !!opencv-matrix
   rows: 3
   cols: 3
   dt: f
   data: [ 0.999609,0.011111,-0.025663,-0.011079,0.999938,0.001392,0.025677,-0.001107,0.999670 ]
T: !!opencv-matrix
   rows: 3
   cols: 1
   dt: f
   data: [ -0.670572,0.041303,-0.047674 ]
