%YAML:1.0
R: !!opencv-matrix
   rows: 3
   cols: 3
   dt: f
   data: [ 0.999654,0.012298,-0.023270,-0.012257,0.999923,0.001906,0.023292,-0.001620,0.999727 ]
T: !!opencv-matrix
   rows: 3
   cols: 1
   dt: f
   data: [ -0.718372,0.046314,-0.053930 ]
