%YAML:1.0
R: !!opencv-matrix
   rows: 3
   cols: 3
   dt: f
   data: [ 0.999481,0.014391,-0.028829,-0.014341,0.999895,0.001937,0.028854,-0.001523,0.999582 ]
T: !!opencv-matrix
   rows: 3
   cols: 1
   dt: f
   data: [ -0.765141,0.049519,-0.060780 ]
