%YAML:1.0
R: !!opencv-matrix
   rows: 3
   cols: 3
   dt: f
   data: [ 0.999694,0.012072,-0.021582,-0.012080,0.999927,-0.000284,0.021577,0.000544,0.999767 ]
T: !!opencv-matrix
   rows: 3
   cols: 1
   dt: f
   data: [ -0.799954,0.051142,-0.056516 ]
