%YAML:1.0
R: !!opencv-matrix
   rows: 3
   cols: 3
   dt: f
   data: [ 0.999770,0.011689,-0.017974,-0.011697,0.999932,-0.000362,0.017968,0.000572,0.999838 ]
T: !!opencv-matrix
   rows: 3
   cols: 1
   dt: f
   data: [ -0.837989,0.051813,-0.057011 ]
