%YAML:1.0
R: !!opencv-matrix
   rows: 3
   cols: 3
   dt: f
   data: [ 0.999490,0.015928,-0.027686,-0.015921,0.999873,0.000474,0.027690,-0.000033,0.999617 ]
T: !!opencv-matrix
   rows: 3
   cols: 1
   dt: f
   data: [ -0.881154,0.055988,-0.066841 ]
