%YAML:1.0
R: !!opencv-matrix
   rows: 3
   cols: 3
   dt: f
   data: [ 0.999965,0.008057,-0.002144,-0.008067,0.999956,-0.004751,0.002106,0.004768,0.999986 ]
T: !!opencv-matrix
   rows: 3
   cols: 1
   dt: f
   data: [ -0.929612,0.055000,-0.040291 ]
