%YAML:1.0
R: !!opencv-matrix
   rows: 3
   cols: 3
   dt: f
   data: [ 0.999255,0.018419,-0.033917,-0.018454,0.999829,-0.000703,0.033898,0.001329,0.999424 ]
T: !!opencv-matrix
   rows: 3
   cols: 1
   dt: f
   data: [ -0.984166,0.067058,-0.087741 ]
