%YAML:1.0
R: !!opencv-matrix
   rows: 3
   cols: 3
   dt: f
   data: [ 0.999632,0.015323,-0.022377,-0.015412,0.999874,-0.003846,0.022315,0.004189,0.999742 ]
T: !!opencv-matrix
   rows: 3
   cols: 1
   dt: f
   data: [ -1.036482,0.069478,-0.076714 ]
