%YAML:1.0
R: !!opencv-matrix
   rows: 3
   cols: 3
   dt: f
   data: [ 0.999433,0.017141,-0.028966,-0.017228,0.999848,-0.002760,0.028914,0.003258,0.999577 ]
T: !!opencv-matrix
   rows: 3
   cols: 1
   dt: f
   data: [ -1.075407,0.073055,-0.087289 ]
